 ========================================
 Piece: [wcs]
 r;  s;    avrg win moves;   avrg loss moves;  win prob;     loss prob;    win scenarios;   win moves tot;   loss scenarios;  loss moves tot  
   1.00000000       2.00000000       1.00000000                  NaN   100.000000       0.00000000     |          10          10           0           0
   1.00000000       3.00000000       1.00000000                  NaN   100.000000       0.00000000     |          10          10           0           0
   2.00000000       1.00000000       2.87500000       4.50000000       80.0000000       20.0000000     |           8          23           2           9
   2.00000000       3.00000000       4.12500000       5.00000000       80.0000000       20.0000000     |           8          33           2          10
   2.00000000       4.00000000       1.75000000       3.00000000       80.0000000       20.0000000     |           8          14           2           6
   3.00000000       1.00000000       3.00000000                  NaN   100.000000       0.00000000     |          10          30           0           0
   3.00000000       4.00000000       1.44444442       2.00000000       90.0000000       10.0000000     |           9          13           1           2
   4.00000000       2.00000000       3.00000000       3.00000000       90.0000000       10.0000000     |           9          27           1           3
   4.00000000       3.00000000       2.87500000       3.00000000       80.0000000       20.0000000     |           8          23           2           6
   4.00000000       4.00000000       2.33333325       3.00000000       90.0000000       10.0000000     |           9          21           1           3
 avrg_win   2.00000000    
 avrg_loss   1.10000002    
 avrg_prob   89.0000000    
 avrg_counter          10
 ========================================
 Piece: [wch]
 r;  s;    avrg win moves;   avrg loss moves;  win prob;     loss prob;    win scenarios;   win moves tot;   loss scenarios;  loss moves tot  
   1.00000000       2.00000000       1.00000000                  NaN   100.000000       0.00000000     |          10          10           0           0
   1.00000000       3.00000000       1.00000000                  NaN   100.000000       0.00000000     |          10          10           0           0
   2.00000000       1.00000000       2.62500000       2.50000000       80.0000000       20.0000000     |           8          21           2           5
   2.00000000       3.00000000       3.57142854       2.33333325       70.0000000       30.0000000     |           7          25           3           7
   2.00000000       4.00000000       2.00000000       2.00000000       90.0000000       10.0000000     |           9          18           1           2
   3.00000000       1.00000000       2.22222233       2.00000000       90.0000000       10.0000000     |           9          20           1           2
   3.00000000       4.00000000       2.12500000       2.00000000       80.0000000       20.0000000     |           8          17           2           4
   4.00000000       2.00000000       2.29999995                  NaN   100.000000       0.00000000     |          10          23           0           0
   4.00000000       3.00000000       1.77777779       2.00000000       90.0000000       10.0000000     |           9          16           1           2
   4.00000000       4.00000000       1.87500000       3.00000000       80.0000000       20.0000000     |           8          15           2           6
 avrg_win   1.70000005    
 avrg_loss  0.500000000    
 avrg_prob   88.0000000    
 avrg_counter          10
 ========================================
 Piece: [Wcs]
 r;  s;    avrg win moves;   avrg loss moves;  win prob;     loss prob;    win scenarios;   win moves tot;   loss scenarios;  loss moves tot  
   1.00000000       2.00000000       1.00000000                  NaN   100.000000       0.00000000     |          10          10           0           0
   1.00000000       3.00000000       1.00000000                  NaN   100.000000       0.00000000     |          10          10           0           0
   2.00000000       1.00000000       2.33333325       2.00000000       90.0000000       10.0000000     |           9          21           1           2
   2.00000000       3.00000000       2.33333325       2.00000000       60.0000000       40.0000000     |           6          14           4           8
   2.00000000       4.00000000       1.39999998                  NaN   100.000000       0.00000000     |          10          14           0           0
   3.00000000       1.00000000       1.75000000       4.00000000       80.0000000       20.0000000     |           8          14           2           8
   3.00000000       4.00000000       2.11111116       2.00000000       90.0000000       10.0000000     |           9          19           1           2
   4.00000000       2.00000000       2.12500000       3.50000000       80.0000000       20.0000000     |           8          17           2           7
   4.00000000       3.00000000       2.00000000       2.00000000       90.0000000       10.0000000     |           9          18           1           2
   4.00000000       4.00000000       2.00000000       5.00000000       80.0000000       20.0000000     |           8          16           2          10
 avrg_win   1.60000002    
 avrg_loss   1.60000002    
 avrg_prob   87.0000000    
 avrg_counter          10
 ========================================
 Piece: [Wch]
 r;  s;    avrg win moves;   avrg loss moves;  win prob;     loss prob;    win scenarios;   win moves tot;   loss scenarios;  loss moves tot  
   1.00000000       2.00000000       1.00000000                  NaN   100.000000       0.00000000     |          10          10           0           0
   1.00000000       3.00000000       1.00000000                  NaN   100.000000       0.00000000     |          10          10           0           0
   2.00000000       1.00000000       2.25000000       3.50000000       80.0000000       20.0000000     |           8          18           2           7
   2.00000000       3.00000000       3.50000000       2.00000000       66.6666641       33.3333321     |           6          21           3           6
   2.00000000       4.00000000       2.29999995                  NaN   100.000000       0.00000000     |          10          23           0           0
   3.00000000       1.00000000       1.42857146       2.33333325       70.0000000       30.0000000     |           7          10           3           7
   3.00000000       4.00000000       1.87500000       5.00000000       80.0000000       20.0000000     |           8          15           2          10
   4.00000000       2.00000000       1.60000002       2.59999990       50.0000000       50.0000000     |           5           8           5          13
   4.00000000       3.00000000       2.28571439       2.66666675       70.0000000       30.0000000     |           7          16           3           8
   4.00000000       4.00000000       2.22222233       2.00000000       90.0000000       10.0000000     |           9          20           1           2
 avrg_win   1.60000002    
 avrg_loss   1.29999995    
 avrg_prob   80.5999985    
 avrg_counter          10
