           1           2           3           4
           5           6           7           8
           9          10          11          12
          13          14          15          16
 ------------------------------------
 SWAP NUBER:           1
 ------------------------------------
           1           3           2           4
           5           6           7           8
           9          10          11          12
          13          14          15          16
 ------------------------------------
 SWAP NUBER:           2
 ------------------------------------
           1           4           2           3
           5           6           7           8
           9          10          11          12
          13          14          15          16
 ------------------------------------
 SWAP NUBER:           3
 ------------------------------------
           1           5           2           3
           4           6           7           8
           9          10          11          12
          13          14          15          16
 ------------------------------------
 SWAP NUBER:           4
 ------------------------------------
           1           6           2           3
           4           5           7           8
           9          10          11          12
          13          14          15          16
 ------------------------------------
 SWAP NUBER:           5
 ------------------------------------
           1           7           2           3
           4           5           6           8
           9          10          11          12
          13          14          15          16
 ------------------------------------
 SWAP NUBER:           6
 ------------------------------------
           1           8           2           3
           4           5           6           7
           9          10          11          12
          13          14          15          16
 ------------------------------------
 SWAP NUBER:           7
 ------------------------------------
           1           9           2           3
           4           5           6           7
           8          10          11          12
          13          14          15          16
 ------------------------------------
 SWAP NUBER:           8
 ------------------------------------
           1          10           2           3
           4           5           6           7
           8           9          11          12
          13          14          15          16
 ------------------------------------
 SWAP NUBER:           9
 ------------------------------------
           1          11           2           3
           4           5           6           7
           8           9          10          12
          13          14          15          16
 ------------------------------------
 SWAP NUBER:          10
 ------------------------------------
           1          12           2           3
           4           5           6           7
           8           9          10          11
          13          14          15          16
 ------------------------------------
 SWAP NUBER:          11
 ------------------------------------
           1          13           2           3
           4           5           6           7
           8           9          10          11
          12          14          15          16
 ------------------------------------
 SWAP NUBER:          12
 ------------------------------------
           1          14           2           3
           4           5           6           7
           8           9          10          11
          12          13          15          16
 ------------------------------------
 SWAP NUBER:          13
 ------------------------------------
           1          15           2           3
           4           5           6           7
           8           9          10          11
          12          13          14          16
 ------------------------------------
 SWAP NUBER:          14
 ------------------------------------
           1          16           2           3
           4           5           6           7
           8           9          10          11
          12          13          14          15
 ------------------------------------
 SWAP NUBER:          15
 ------------------------------------
           1          16           3           2
           4           5           6           7
           8           9          10          11
          12          13          14          15
 ------------------------------------
 SWAP NUBER:          16
 ------------------------------------
           1          16           4           2
           3           5           6           7
           8           9          10          11
          12          13          14          15
 ------------------------------------
 SWAP NUBER:          17
 ------------------------------------
           1          16           5           2
           3           4           6           7
           8           9          10          11
          12          13          14          15
 ------------------------------------
 SWAP NUBER:          18
 ------------------------------------
           1          16           6           2
           3           4           5           7
           8           9          10          11
          12          13          14          15
 ------------------------------------
 SWAP NUBER:          19
 ------------------------------------
           1          16           7           2
           3           4           5           6
           8           9          10          11
          12          13          14          15
 ------------------------------------
 SWAP NUBER:          20
 ------------------------------------
           1          16           8           2
           3           4           5           6
           7           9          10          11
          12          13          14          15
 ------------------------------------
 SWAP NUBER:          21
 ------------------------------------
           1          16           9           2
           3           4           5           6
           7           8          10          11
          12          13          14          15
 ------------------------------------
 SWAP NUBER:          22
 ------------------------------------
           1          16          10           2
           3           4           5           6
           7           8           9          11
          12          13          14          15
 ------------------------------------
 SWAP NUBER:          23
 ------------------------------------
           1          16          11           2
           3           4           5           6
           7           8           9          10
          12          13          14          15
 ------------------------------------
 SWAP NUBER:          24
 ------------------------------------
           1          16          12           2
           3           4           5           6
           7           8           9          10
          11          13          14          15
 ------------------------------------
 SWAP NUBER:          25
 ------------------------------------
           1          16          13           2
           3           4           5           6
           7           8           9          10
          11          12          14          15
 ------------------------------------
 SWAP NUBER:          26
 ------------------------------------
           1          16          14           2
           3           4           5           6
           7           8           9          10
          11          12          13          15
 ------------------------------------
 SWAP NUBER:          27
 ------------------------------------
           1          16          15           2
           3           4           5           6
           7           8           9          10
          11          12          13          14
 ------------------------------------
 SWAP NUBER:          28
 ------------------------------------
           1          16          15           3
           2           4           5           6
           7           8           9          10
          11          12          13          14
 ------------------------------------
 SWAP NUBER:          29
 ------------------------------------
           1          16          15           4
           2           3           5           6
           7           8           9          10
          11          12          13          14
 ------------------------------------
 SWAP NUBER:          30
 ------------------------------------
           1          16          15           5
           2           3           4           6
           7           8           9          10
          11          12          13          14
 ------------------------------------
 SWAP NUBER:          31
 ------------------------------------
           1          16          15           6
           2           3           4           5
           7           8           9          10
          11          12          13          14
 ------------------------------------
 SWAP NUBER:          32
 ------------------------------------
           1          16          15           7
           2           3           4           5
           6           8           9          10
          11          12          13          14
 ------------------------------------
 SWAP NUBER:          33
 ------------------------------------
           1          16          15           8
           2           3           4           5
           6           7           9          10
          11          12          13          14
 ------------------------------------
 SWAP NUBER:          34
 ------------------------------------
           1          16          15           9
           2           3           4           5
           6           7           8          10
          11          12          13          14
 ------------------------------------
 SWAP NUBER:          35
 ------------------------------------
           1          16          15          10
           2           3           4           5
           6           7           8           9
          11          12          13          14
 ------------------------------------
 SWAP NUBER:          36
 ------------------------------------
           1          16          15          11
           2           3           4           5
           6           7           8           9
          10          12          13          14
 ------------------------------------
 SWAP NUBER:          37
 ------------------------------------
           1          16          15          12
           2           3           4           5
           6           7           8           9
          10          11          13          14
 ------------------------------------
 SWAP NUBER:          38
 ------------------------------------
           1          16          15          13
           2           3           4           5
           6           7           8           9
          10          11          12          14
 ------------------------------------
 SWAP NUBER:          39
 ------------------------------------
           1          16          15          14
           2           3           4           5
           6           7           8           9
          10          11          12          13
 ------------------------------------
 SWAP NUBER:          40
 ------------------------------------
           1          16          15          14
           3           2           4           5
           6           7           8           9
          10          11          12          13
 ------------------------------------
 SWAP NUBER:          41
 ------------------------------------
           1          16          15          14
           4           2           3           5
           6           7           8           9
          10          11          12          13
 ------------------------------------
 SWAP NUBER:          42
 ------------------------------------
           1          16          15          14
           5           2           3           4
           6           7           8           9
          10          11          12          13
 ------------------------------------
 SWAP NUBER:          43
 ------------------------------------
           1          16          15          14
           6           2           3           4
           5           7           8           9
          10          11          12          13
 ------------------------------------
 SWAP NUBER:          44
 ------------------------------------
           1          16          15          14
           7           2           3           4
           5           6           8           9
          10          11          12          13
 ------------------------------------
 SWAP NUBER:          45
 ------------------------------------
           1          16          15          14
           8           2           3           4
           5           6           7           9
          10          11          12          13
 ------------------------------------
 SWAP NUBER:          46
 ------------------------------------
           1          16          15          14
           9           2           3           4
           5           6           7           8
          10          11          12          13
 ------------------------------------
 SWAP NUBER:          47
 ------------------------------------
           1          16          15          14
          10           2           3           4
           5           6           7           8
           9          11          12          13
 ------------------------------------
 SWAP NUBER:          48
 ------------------------------------
           1          16          15          14
          11           2           3           4
           5           6           7           8
           9          10          12          13
 ------------------------------------
 SWAP NUBER:          49
 ------------------------------------
           1          16          15          14
          12           2           3           4
           5           6           7           8
           9          10          11          13
 ------------------------------------
 SWAP NUBER:          50
 ------------------------------------
           1          16          15          14
          13           2           3           4
           5           6           7           8
           9          10          11          12
 ------------------------------------
 SWAP NUBER:          51
 ------------------------------------
           1          16          15          14
          13           3           2           4
           5           6           7           8
           9          10          11          12
 ------------------------------------
 SWAP NUBER:          52
 ------------------------------------
           1          16          15          14
          13           4           2           3
           5           6           7           8
           9          10          11          12
 ------------------------------------
 SWAP NUBER:          53
 ------------------------------------
           1          16          15          14
          13           5           2           3
           4           6           7           8
           9          10          11          12
 ------------------------------------
 SWAP NUBER:          54
 ------------------------------------
           1          16          15          14
          13           6           2           3
           4           5           7           8
           9          10          11          12
 ------------------------------------
 SWAP NUBER:          55
 ------------------------------------
           1          16          15          14
          13           7           2           3
           4           5           6           8
           9          10          11          12
 ------------------------------------
 SWAP NUBER:          56
 ------------------------------------
           1          16          15          14
          13           8           2           3
           4           5           6           7
           9          10          11          12
 ------------------------------------
 SWAP NUBER:          57
 ------------------------------------
           1          16          15          14
          13           9           2           3
           4           5           6           7
           8          10          11          12
 ------------------------------------
 SWAP NUBER:          58
 ------------------------------------
           1          16          15          14
          13          10           2           3
           4           5           6           7
           8           9          11          12
 ------------------------------------
 SWAP NUBER:          59
 ------------------------------------
           1          16          15          14
          13          11           2           3
           4           5           6           7
           8           9          10          12
 ------------------------------------
 SWAP NUBER:          60
 ------------------------------------
           1          16          15          14
          13          12           2           3
           4           5           6           7
           8           9          10          11
 ------------------------------------
 SWAP NUBER:          61
 ------------------------------------
           1          16          15          14
          13          12           3           2
           4           5           6           7
           8           9          10          11
 ------------------------------------
 SWAP NUBER:          62
 ------------------------------------
           1          16          15          14
          13          12           4           2
           3           5           6           7
           8           9          10          11
 ------------------------------------
 SWAP NUBER:          63
 ------------------------------------
           1          16          15          14
          13          12           5           2
           3           4           6           7
           8           9          10          11
 ------------------------------------
 SWAP NUBER:          64
 ------------------------------------
           1          16          15          14
          13          12           6           2
           3           4           5           7
           8           9          10          11
 ------------------------------------
 SWAP NUBER:          65
 ------------------------------------
           1          16          15          14
          13          12           7           2
           3           4           5           6
           8           9          10          11
 ------------------------------------
 SWAP NUBER:          66
 ------------------------------------
           1          16          15          14
          13          12           8           2
           3           4           5           6
           7           9          10          11
 ------------------------------------
 SWAP NUBER:          67
 ------------------------------------
           1          16          15          14
          13          12           9           2
           3           4           5           6
           7           8          10          11
 ------------------------------------
 SWAP NUBER:          68
 ------------------------------------
           1          16          15          14
          13          12          10           2
           3           4           5           6
           7           8           9          11
 ------------------------------------
 SWAP NUBER:          69
 ------------------------------------
           1          16          15          14
          13          12          11           2
           3           4           5           6
           7           8           9          10
 ------------------------------------
 SWAP NUBER:          70
 ------------------------------------
           1          16          15          14
          13          12          11           3
           2           4           5           6
           7           8           9          10
 ------------------------------------
 SWAP NUBER:          71
 ------------------------------------
           1          16          15          14
          13          12          11           4
           2           3           5           6
           7           8           9          10
 ------------------------------------
 SWAP NUBER:          72
 ------------------------------------
           1          16          15          14
          13          12          11           5
           2           3           4           6
           7           8           9          10
 ------------------------------------
 SWAP NUBER:          73
 ------------------------------------
           1          16          15          14
          13          12          11           6
           2           3           4           5
           7           8           9          10
 ------------------------------------
 SWAP NUBER:          74
 ------------------------------------
           1          16          15          14
          13          12          11           7
           2           3           4           5
           6           8           9          10
 ------------------------------------
 SWAP NUBER:          75
 ------------------------------------
           1          16          15          14
          13          12          11           8
           2           3           4           5
           6           7           9          10
 ------------------------------------
 SWAP NUBER:          76
 ------------------------------------
           1          16          15          14
          13          12          11           9
           2           3           4           5
           6           7           8          10
 ------------------------------------
 SWAP NUBER:          77
 ------------------------------------
           1          16          15          14
          13          12          11          10
           2           3           4           5
           6           7           8           9
 ------------------------------------
 SWAP NUBER:          78
 ------------------------------------
           1          16          15          14
          13          12          11          10
           3           2           4           5
           6           7           8           9
 ------------------------------------
 SWAP NUBER:          79
 ------------------------------------
           1          16          15          14
          13          12          11          10
           4           2           3           5
           6           7           8           9
 ------------------------------------
 SWAP NUBER:          80
 ------------------------------------
           1          16          15          14
          13          12          11          10
           5           2           3           4
           6           7           8           9
 ------------------------------------
 SWAP NUBER:          81
 ------------------------------------
           1          16          15          14
          13          12          11          10
           6           2           3           4
           5           7           8           9
 ------------------------------------
 SWAP NUBER:          82
 ------------------------------------
           1          16          15          14
          13          12          11          10
           7           2           3           4
           5           6           8           9
 ------------------------------------
 SWAP NUBER:          83
 ------------------------------------
           1          16          15          14
          13          12          11          10
           8           2           3           4
           5           6           7           9
 ------------------------------------
 SWAP NUBER:          84
 ------------------------------------
           1          16          15          14
          13          12          11          10
           9           2           3           4
           5           6           7           8
 ------------------------------------
 SWAP NUBER:          85
 ------------------------------------
           1          16          15          14
          13          12          11          10
           9           3           2           4
           5           6           7           8
 ------------------------------------
 SWAP NUBER:          86
 ------------------------------------
           1          16          15          14
          13          12          11          10
           9           4           2           3
           5           6           7           8
 ------------------------------------
 SWAP NUBER:          87
 ------------------------------------
           1          16          15          14
          13          12          11          10
           9           5           2           3
           4           6           7           8
 ------------------------------------
 SWAP NUBER:          88
 ------------------------------------
           1          16          15          14
          13          12          11          10
           9           6           2           3
           4           5           7           8
 ------------------------------------
 SWAP NUBER:          89
 ------------------------------------
           1          16          15          14
          13          12          11          10
           9           7           2           3
           4           5           6           8
 ------------------------------------
 SWAP NUBER:          90
 ------------------------------------
           1          16          15          14
          13          12          11          10
           9           8           2           3
           4           5           6           7
 ------------------------------------
 SWAP NUBER:          91
 ------------------------------------
           1          16          15          14
          13          12          11          10
           9           8           3           2
           4           5           6           7
 ------------------------------------
 SWAP NUBER:          92
 ------------------------------------
           1          16          15          14
          13          12          11          10
           9           8           4           2
           3           5           6           7
 ------------------------------------
 SWAP NUBER:          93
 ------------------------------------
           1          16          15          14
          13          12          11          10
           9           8           5           2
           3           4           6           7
 ------------------------------------
 SWAP NUBER:          94
 ------------------------------------
           1          16          15          14
          13          12          11          10
           9           8           6           2
           3           4           5           7
 ------------------------------------
 SWAP NUBER:          95
 ------------------------------------
           1          16          15          14
          13          12          11          10
           9           8           7           2
           3           4           5           6
 ------------------------------------
 SWAP NUBER:          96
 ------------------------------------
           1          16          15          14
          13          12          11          10
           9           8           7           3
           2           4           5           6
 ------------------------------------
 SWAP NUBER:          97
 ------------------------------------
           1          16          15          14
          13          12          11          10
           9           8           7           4
           2           3           5           6
 ------------------------------------
 SWAP NUBER:          98
 ------------------------------------
           1          16          15          14
          13          12          11          10
           9           8           7           5
           2           3           4           6
 ------------------------------------
 SWAP NUBER:          99
 ------------------------------------
           1          16          15          14
          13          12          11          10
           9           8           7           6
           2           3           4           5
 ------------------------------------
 SWAP NUBER:         100
 ------------------------------------
           1          16          15          14
          13          12          11          10
           9           8           7           6
           3           2           4           5
 ------------------------------------
 SWAP NUBER:         101
 ------------------------------------
           1          16          15          14
          13          12          11          10
           9           8           7           6
           4           2           3           5
 ------------------------------------
 SWAP NUBER:         102
 ------------------------------------
           1          16          15          14
          13          12          11          10
           9           8           7           6
           5           2           3           4
 ------------------------------------
 SWAP NUBER:         103
 ------------------------------------
           1          16          15          14
          13          12          11          10
           9           8           7           6
           5           3           2           4
 ------------------------------------
 SWAP NUBER:         104
 ------------------------------------
           1          16          15          14
          13          12          11          10
           9           8           7           6
           5           4           2           3
 ------------------------------------
 SWAP NUBER:         105
 ------------------------------------
           1          16          15          14
          13          12          11          10
           9           8           7           6
           5           4           3           2
